0 0 0 0
1 1.45639e-05 -5.05302e-05 -0.000640674
2 3.13662e-05 -0.000101072 -0.00117735
3 0.0111098 -0.00289473 -0.00355793
4 0.641217 -0.0132021 -0.00743336
5 0.695855 -0.0154551 -0.0987071
6 0.699911 -0.0209715 -0.895957
7 0.692735 -0.0019766 -1.51148
8 0.697996 0.0205028 -2.12499
9 0.715693 0.0343833 -2.76304
10 0.729173 0.0348897 2.90563
11 0.732976 0.0304945 2.23137
12 0.732123 0.0309294 1.58192
13 0.737719 0.0484551 0.92244
14 0.759524 0.0624155 0.31422
15 0.768959 0.0613601 -0.21069
16 1.06281 0.00119411 -0.229372
17 1.66424 -0.146048 -0.260584
18 2.28798 -0.309415 -0.270741
19 2.9157 -0.507191 -0.319289
20 3.51241 -0.698497 -0.313605
21 4.11479 -0.841791 -0.202146
22 4.71967 -0.978263 -0.184829
23 5.35364 -1.02193 -0.077302
24 5.99041 -1.0951 -0.134226
25 6.6281 -1.16436 -0.131283
26 7.23802 -1.26477 -0.172034
27 7.85394 -1.35624 -0.156408
28 8.43484 -1.45515 -0.16105
29 8.81065 -1.51257 -0.130484
30 8.81975 -1.49794 -0.663056
31 8.92312 -1.63889 -0.93172
32 9.29127 -2.15554 -0.95045
33 9.6645 -2.64761 -0.899019
34 10.0653 -3.12778 -0.877274
35 10.4753 -3.59694 -0.84217
36 10.8929 -4.07069 -0.849832
37 11.1645 -4.37313 -0.841153
38 11.1965 -4.35045 -1.16108
39 11.2242 -4.34505 -1.33063
40 11.3737 -4.9217 -1.31217
41 11.5261 -5.52889 -1.34278
42 11.6523 -6.0997 -1.36399
43 11.763 -6.7049 -1.40247
44 11.857 -7.31182 -1.43758
45 11.9192 -7.93229 -1.49336
46 11.9589 -8.55233 -1.51303
47 11.9855 -9.1745 -1.55503
48 11.9912 -9.79805 -1.5619
49 11.9891 -10.4216 -1.61311
50 11.9423 -11.0097 -1.65801
51 11.8899 -11.5998 -1.68785
52 11.7932 -12.1825 -1.76525
53 11.6976 -12.7351 -1.75334
54 11.5832 -13.2488 -1.81576
55 11.6065 -13.2477 -1.8108
56 11.6339 -13.2607 -1.80055
57 11.4921 -13.8774 -1.8121
58 11.3563 -14.4797 -1.76586
59 11.2294 -15.083 -1.78925
60 11.1063 -15.6805 -1.76752
61 10.9705 -16.2837 -1.8177
62 10.8197 -16.8775 -1.77774
63 10.6756 -17.4229 -1.81325
64 10.5392 -18.0237 -1.74996
65 10.4069 -18.5437 -1.80167
66 10.2607 -19.1144 -1.81015
67 10.1028 -19.707 -1.80936
68 9.99355 -20.1644 -1.8251
69 10.0056 -20.1783 -1.98002
70 10.0144 -20.1907 -2.65438
71 10.0209 -20.1907 2.98616
72 10.0388 -20.1919 2.97674
73 10.0343 -20.1876 2.91187
74 10.0344 -20.1727 2.29013
75 10.0483 -20.1589 1.93786
76 10.0571 -20.1396 2.6318
77 10.0528 -20.1199 2.86484
78 9.7684 -20.1391 -3.08115
79 9.15367 -20.1821 -3.08639
80 8.52587 -20.1833 3.12227
81 7.90568 -20.1614 3.09625
82 7.32146 -20.1276 3.04141
83 6.75784 -20.0832 3.01703
84 6.19069 -19.9942 2.93831
85 5.73606 -19.9323 2.94502
86 5.08659 -19.7938 2.85546
87 4.66376 -19.6603 2.8077
88 4.33148 -19.5409 2.77836
89 4.31729 -19.5024 -3.10768
90 3.69357 -19.5172 -3.13861
91 3.05044 -19.5287 -3.08973
92 2.43984 -19.527 3.07711
93 1.82187 -19.4348 2.97514
94 1.20653 -19.3089 2.93098
95 0.546445 -19.2164 3.07371
96 -0.0777167 -19.1721 3.0978
97 -0.649343 -19.1089 3.0271
98 -1.22156 -19.0118 2.96893
99 -1.94318 -18.8928 3.01539
100 -2.49759 -18.7901 2.96316
101 -3.12232 -18.7399 3.06556
102 -3.71883 -18.655 2.96072
103 -4.35638 -18.5385 3.05735
104 -4.96631 -18.4689 3.02361
105 -5.59015 -18.4134 3.06996
106 -6.18379 -18.3468 3.0146
107 -6.80357 -18.2584 3.01002
108 -7.23906 -18.2102 3.07171
109 -7.25294 -18.2211 2.62339
110 -7.27492 -18.2304 2.03232
111 -7.29975 -18.1208 1.52672
112 -7.2832 -17.4751 1.58134
113 -7.30804 -16.8413 1.62862
114 -7.34847 -16.2175 1.6657
115 -7.43013 -15.577 1.72647
116 -7.56051 -14.8255 1.7708
117 -7.70702 -14.2045 1.86638
118 -7.682 -14.1657 1.53152
119 -7.63539 -13.6666 1.47814
120 -7.5896 -13.0169 1.56795
121 -7.60845 -12.4021 1.63497
122 -7.65436 -11.8055 1.69211
123 -7.66515 -11.6173 1.68018
124 -7.58314 -11.4008 1.25749
125 -7.38012 -10.8158 1.24722
126 -7.2553 -10.1884 1.45396
127 -7.16975 -9.55849 1.45363
128 -7.10667 -8.9173 1.49125
129 -7.03409 -8.30192 1.45962
130 -6.97975 -7.6595 1.51317
131 -6.93652 -6.98613 1.60236
132 -6.9249 -6.39654 1.55312
133 -6.88656 -5.84621 1.51715
134 -6.84142 -5.27324 1.49967
135 -6.77198 -4.69621 1.47413
136 -6.71199 -4.05867 1.4942
137 -6.63083 -3.44819 1.45229
138 -6.5605 -2.76523 1.53159
139 -6.55592 -2.12929 1.59583
140 -6.5982 -1.47253 1.6254
141 -6.61796 -0.832079 1.57601
142 -6.63129 -0.180707 1.57134
143 -6.56264 0.462344 1.4598
144 -6.52933 0.838562 1.47652
145 -6.51343 0.848452 0.976341
146 -6.50801 0.847279 0.3811
147 -6.45085 0.853041 -0.107178
148 -6.00292 0.79862 -0.143693
149 -5.34821 0.710301 -0.119453
150 -4.69868 0.652404 -0.106155
151 -4.04715 0.608898 -0.0214915
152 -3.42042 0.577769 -0.0824156
153 -2.79262 0.555852 0.010808
154 -2.1689 0.538853 -0.0590403
155 -1.54226 0.513519 -0.0258992
156 -0.912547 0.507165 0.00444747
157 -0.345905 0.491747 -0.0605786
158 -0.162445 0.48185 -0.0441564
159 -0.165681 0.471409 0.901729
160 -0.161283 0.480902 1.89392
161 -0.173901 0.476671 2.82887
162 -0.158637 0.472098 -2.462
163 -0.158734 0.469668 -1.50676
164 -0.109123 0.459358 -0.518228
165 -0.0210057 0.512894 -0.0852582
166 0.660738 0.465381 -0.0708922
167 1.2783 0.415264 -0.0996499
168 1.86595 0.368009 -0.0872464
169 2.45898 0.297977 -0.12395
170 3.04463 0.229758 -0.144561
171 3.60077 0.132871 -0.183017
172 4.22005 0.0292785 -0.169304
173 4.8473 -0.0905906 -0.191961
174 5.46898 -0.202482 -0.151707
175 6.08598 -0.292318 -0.176368
176 6.68173 -0.410141 -0.166783
177 7.30543 -0.512498 -0.19452
178 7.92453 -0.657255 -0.233676
179 8.27716 -0.733481 -0.180804
180 8.29456 -0.657043 -0.623604
181 8.75424 -0.991507 -0.675566
182 9.213 -1.38046 -0.849557
183 9.57926 -1.83575 -0.906635
184 9.91428 -2.35784 -1.04861
185 10.1945 -2.90111 -1.13698
186 10.4135 -3.46902 -1.19928
187 10.6115 -4.01273 -1.21806
188 10.8185 -4.57514 -1.21968
189 11.0188 -5.14391 -1.24237
190 11.2125 -5.73735 -1.27223
191 11.396 -6.33455 -1.29736
192 11.5599 -6.92705 -1.32675
193 11.6973 -7.49404 -1.38353
194 11.804 -8.06147 -1.41121
195 11.8901 -8.62212 -1.44063
196 11.966 -9.25025 -1.48152
197 12.012 -9.86441 -1.50917
198 12.0461 -10.4956 -1.56759
199 12.0237 -11.1046 -1.62931
200 11.9841 -11.699 -1.65151
201 11.917 -12.3005 -1.70856
202 11.8639 -12.7974 -1.68877
203 11.7642 -13.5522 -1.74207
204 11.6465 -14.1465 -1.84464
205 11.4844 -14.7046 -1.85444
206 11.3352 -15.2498 -1.85279
207 11.1836 -15.8104 -1.83696
208 11.0167 -16.4059 -1.84636
209 10.867 -16.9962 -1.80792
210 10.712 -17.5881 -1.81659
211 10.5689 -18.185 -1.81418
212 10.396 -18.7728 -1.86692
213 10.2065 -19.3629 -1.88762
214 10.014 -19.9384 -1.89137
215 9.8961 -20.2636 -1.92714
216 9.91371 -20.2778 -2.4262
217 9.91965 -20.2817 -2.9688
218 9.91603 -20.266 -3.02477
219 9.36433 -20.2242 3.0899
220 8.77063 -20.1815 3.05006
221 8.10411 -20.1143 3.10068
222 7.51321 -20.0748 3.07522
223 6.84207 -20.0418 -3.11147
224 6.2625 -20.0416 -3.13715
225 5.61946 -20.0424 -3.08733
226 5.03429 -20.0372 -3.13634
227 4.50485 -20.1334 -2.98187
228 3.91451 -20.0887 2.93907
229 3.42386 -20.0659 3.06138
230 3.1339 -20.0263 3.03366
231 3.35564 -20.1285 3.10422
232 3.05002 -19.9704 2.67817
233 2.46486 -19.7095 2.77992
234 1.88683 -19.4827 2.73527
235 1.63302 -19.3739 2.72984
236 1.29076 -19.386 3.13558
237 0.66366 -19.4112 -3.07751
238 0.0521025 -19.4565 -3.11048
239 -0.557548 -19.4517 3.10496
240 -1.12322 -19.3251 2.8871
241 -1.67846 -19.1996 2.97263
242 -2.26598 -19.1307 3.00971
243 -2.86881 -19.0465 3.00795
244 -3.46656 -19.0071 3.07908
245 -4.11706 -18.9564 3.02542
246 -4.76991 -18.8641 2.95402
247 -5.32412 -18.8197 3.06153
248 -5.88758 -18.8018 3.09377
249 -5.85189 -18.8168 -2.99572
250 -5.85831 -18.8267 2.6985
251 -6.20054 -18.4696 2.27499
252 -6.57 -18.0402 2.28435
253 -6.95609 -17.585 2.27424
254 -7.33589 -17.1165 2.23394
255 -7.25018 -16.9404 2.31824
256 -7.29901 -16.9844 1.83794
257 -7.36907 -16.499 1.718
258 -7.47958 -15.9127 1.78943
259 -7.63296 -15.3071 1.83003
260 -7.77435 -14.748 1.82164
261 -7.74098 -14.7226 1.51019
262 -7.68649 -14.0685 1.51685
263 -7.65275 -13.4494 1.53028
264 -7.64377 -12.8343 1.62728
265 -7.68388 -12.2296 1.64737
266 -7.64345 -11.6548 1.51806
267 -7.59839 -10.9012 1.48878
268 -7.46901 -10.2876 1.37863
269 -7.3563 -9.67201 1.4091
270 -7.29749 -9.05638 1.52379
271 -7.20714 -8.42228 1.41418
272 -7.13225 -7.7988 1.48053
273 -7.14358 -7.13697 1.6939
274 -7.22504 -6.51742 1.71868
275 -7.21509 -5.93649 1.54802
276 -7.2146 -5.30614 1.66311
277 -7.26429 -4.75857 1.63794
278 -7.23532 -4.12939 1.5494
279 -7.20502 -3.49929 1.49359
280 -7.14751 -2.86293 1.4953
281 -7.06515 -2.23863 1.39454
282 -6.9526 -1.59964 1.43422
283 -6.87585 -0.967547 1.42631
284 -6.77074 -0.332195 1.45348
285 -6.71422 0.319134 1.4736
286 -6.65539 0.941231 1.52625
287 -6.65827 0.983565 1.42078
288 -6.65805 0.993109 0.809232
289 -6.6459 1.00946 0.212897
290 -6.18067 1.00375 -0.0135549
291 -5.53644 0.999767 -0.000611253
292 -4.91755 0.981203 -0.0552167
293 -4.28892 0.938607 -0.0782907
294 -3.66254 0.889639 -0.0776636
295 -3.04283 0.807388 -0.19028
296 -2.42498 0.665221 -0.235844
297 -1.80874 0.516238 -0.247745
298 -1.1994 0.365469 -0.248626
299 -0.621086 0.216325 -0.187733
300 -0.0343695 0.133984 -0.14589
301 0.526184 0.0332661 -0.205463
302 0.825254 -0.0328945 -0.226786
303 0.805925 -0.0276564 -0.22306
304 1.30539 -0.140139 -0.213975
305 1.92519 -0.177424 -0.030753
306 2.55297 -0.189057 -0.0493116
307 3.19071 -0.237532 -0.0865231
308 3.81624 -0.302576 -0.14264
309 4.45256 -0.361983 -0.0502815
310 5.07834 -0.394414 -0.0866925
311 5.36797 -0.423122 0.087725
312 5.37544 -0.423916 1.07528
313 5.37192 -0.20623 1.57029
314 5.353 0.421381 1.6096
315 5.326 1.04947 1.60482
316 5.28919 1.69253 1.65453
317 5.23166 2.33131 1.66299
318 5.13854 2.96675 1.75583
319 5.06382 3.31248 1.82557
320 5.07168 3.31537 2.78873
321 5.06524 3.31766 -2.46048
322 5.06281 3.31038 -1.46975
323 5.08495 3.29635 -0.482787
324 5.09656 3.29936 0.173257
325 5.09925 3.30228 -0.357649
326 5.12119 3.29242 -0.956382
327 5.13193 3.27389 -1.5834
328 5.08947 2.63514 -1.63149
329 5.03979 2.00016 -1.69742
330 4.9544 1.38726 -1.7269
331 4.86138 0.772696 -1.75169
332 4.74058 0.168084 -1.78092
333 4.74047 0.013752 -1.7276
334 4.7744 0.00745097 -0.714318
335 4.82765 0.0323403 0.241078
336 4.83568 0.0434287 1.14839
337 4.86341 0.0406842 2.09222
338 4.86984 0.0401411 3.0755
339 4.87591 0.0550775 -2.16436
340 4.87128 0.0452418 -1.15098
341 4.98946 -0.0140907 -0.521377
342 5.56131 -0.313331 -0.421121
343 6.14531 -0.512384 -0.289516
344 6.73468 -0.695754 -0.298922
345 6.97063 -0.773908 -0.325756
346 6.97163 -0.784911 -0.971366
347 6.974 -0.871297 -1.52855
348 6.99214 -1.46229 -1.54464
349 6.99023 -2.08131 -1.58425
350 6.97746 -2.86929 -1.60327
351 6.96363 -3.14155 -1.63163
352 6.94284 -3.14242 -1.91846
353 6.92353 -3.13898 -2.58143
354 6.92523 -3.13075 3.10063
355 6.92284 -3.13869 2.38225
356 6.90907 -3.14734 1.80919
357 6.89215 -3.1301 1.15853
358 6.88535 -3.11019 0.545372
359 6.88798 -3.10102 -0.0663671
360 6.89183 -3.10756 -0.241451
361 6.90156 -3.11268 0.681169
362 6.97633 -2.88441 1.21694
363 7.07783 -2.61753 1.21131
364 6.99652 -2.29457 1.82803
365 6.92047 -2.0073 1.33269
366 7.03421 -1.86531 0.780477
367 7.47855 -1.43042 0.783302
368 7.93686 -0.984157 0.735282
369 7.93674 -0.980726 0.483137
370 7.93774 -0.969551 -0.104821
371 7.94752 -0.944299 -0.651251
372 8.38341 -1.30013 -0.678959
373 8.86517 -1.67316 -0.677011
374 9.35687 -2.08633 -0.738242
375 9.69699 -2.3934 -0.774809
376 9.7077 -2.38552 -0.0975402
377 9.74826 -2.34773 0.5802
378 10.3025 -1.96822 0.627016
379 10.8068 -1.55551 0.703937
380 11.2756 -1.10826 0.8148
381 11.4267 -0.934249 0.955729
382 11.4194 -0.921373 1.9771
383 11.4274 -0.921776 2.98459
384 11.4277 -0.906208 -2.31471
385 11.4111 -0.906318 -1.2631
386 11.5091 -1.0485 -1.03026
387 11.9567 -1.46672 -0.689223
388 12.4447 -1.85085 -0.690435
389 12.9038 -2.26303 -0.784496
390 12.9675 -2.29577 -0.331554
391 12.8306 -2.257 0.0289407
392 12.8271 -2.23029 1.02737
393 12.8194 -2.19282 2.22677
394 12.8251 -2.17766 -3.10484
395 13.0463 -2.09323 -2.7864
396 13.0557 -2.08909 -2.79697
397 13.046 -2.06596 -2.81863
398 13.0327 -2.04612 -2.63647
399 12.9332 -2.12955 -2.35566
400 12.4837 -2.58754 -2.3172
401 12.0484 -3.00999 -2.41199
402 11.5142 -3.31323 -2.68225
403 10.9657 -3.5744 -2.71841
404 10.4399 -3.78483 -2.79973
405 10.4293 -3.76459 -2.27051
406 10.4229 -3.75287 -1.29997
407 10.5552 -4.06245 -1.17456
408 10.7783 -4.61709 -1.21489
409 10.8692 -4.89556 -1.31718
410 10.8875 -4.89536 -1.95097
411 10.8884 -4.89464 -2.5459
412 10.4003 -5.09861 -2.75211
413 9.82952 -5.3035 -2.83427
414 9.24264 -5.51162 -2.73321
415 8.64497 -5.76143 -2.72593
416 8.36547 -5.89746 -2.78084
417 8.07118 -5.89211 3.07846
418 7.62958 -5.85997 3.03361
419 7.63754 -5.86279 -2.81798
420 7.6981 -5.83652 -2.60138
421 7.70691 -5.82531 -1.63254
422 7.70603 -5.82149 -0.391781
423 7.70929 -5.82718 -0.0456205
424 7.70585 -5.82715 -0.0447754
425 7.70441 -5.83271 -0.0325612
426 7.70065 -5.83292 -0.0412019
427 7.7284 -5.8364 -0.037605
428 8.38697 -5.84474 -0.0426771
429 9.0281 -5.8814 -0.0830601
430 9.36553 -5.91602 -0.128774
431 9.3433 -5.9175 -0.0764721
432 9.35256 -5.92567 -0.707585
433 9.34955 -5.9313 -1.38425
434 9.32371 -6.46251 -1.61209
435 9.30374 -7.09755 -1.64014
436 9.23727 -7.73149 -1.64866
437 9.1968 -8.37455 -1.64045
438 9.15319 -8.84605 -1.67027
439 9.14533 -8.84843 -2.10485
440 9.15401 -8.83622 -2.7462
441 9.17933 -8.83452 2.91671
442 9.19145 -8.84746 2.2891
443 9.18506 -8.85416 1.72386
444 9.18018 -8.83678 1.13402
445 9.18577 -8.82464 0.477665
446 9.19085 -8.82171 0.680106
447 9.20301 -8.79326 1.3133
448 9.34201 -8.17153 1.33109
449 9.46124 -7.53684 1.43273
450 9.54365 -6.90158 1.44666
451 9.58731 -6.43377 1.48943
452 9.58036 -6.43005 1.11157
453 9.57533 -6.42914 0.489558
454 9.83792 -6.41003 0.0676772
455 10.4335 -6.37531 0.0469406
456 11.067 -6.35965 -0.0178242
457 11.4296 -6.37371 -0.10572
458 11.4409 -6.35234 -0.752003
459 11.4497 -6.3363 -1.36057
460 11.4272 -6.73925 -1.61779
461 11.3623 -7.35981 -1.70587
462 11.2791 -7.87345 -1.746
463 11.2687 -7.873 -0.906108
464 11.5269 -7.91865 -0.228307
465 12.1104 -8.04271 -0.220658
466 12.6667 -8.18709 -0.276389
467 13.2406 -8.36196 -0.319925
468 13.8585 -8.57034 -0.355228
469 14.4542 -8.82599 -0.4379
470 14.911 -9.03506 -0.418763
471 14.9144 -9.03529 -0.618197
472 14.931 -9.05337 -1.25
473 14.9377 -9.05729 -1.88972
474 14.9396 -9.06498 -2.5202
475 14.9374 -9.06968 -3.09383
476 14.9325 -9.07077 2.53831
477 14.937 -9.07421 1.97894
478 14.9428 -9.08131 1.35204
479 14.9472 -9.08777 0.897867
480 14.9509 -9.09349 1.46004
481 14.9531 -9.0768 2.46228
482 14.9527 -9.0738 2.79849
483 14.959 -9.07576 2.79313
484 14.5295 -8.92446 2.82868
485 13.9335 -8.74493 2.82636
486 13.3316 -8.54183 2.83589
487 12.7228 -8.37195 2.86417
488 12.1093 -8.20021 2.90028
489 11.6409 -8.1001 2.9307
490 11.6397 -8.08584 -2.86738
491 11.6347 -8.07978 -1.93126
492 11.626 -8.30985 -1.62823
493 11.5709 -8.91741 -1.6833
494 11.4894 -9.53328 -1.74425
495 11.4315 -10.1622 -1.63692
496 11.3919 -10.8119 -1.51918
497 11.3848 -11.4078 -1.60536
498 11.3186 -12.0009 -1.70747
499 11.2002 -12.6228 -1.72486
500 11.2696 -13.2259 -1.3967
501 11.3456 -13.801 -1.46957
502 11.3738 -14.4918 -1.55488
503 11.3744 -14.9362 -1.57265
504 11.3519 -14.9372 -0.712001
505 11.6057 -14.9378 -0.0895459
506 12.2162 -15.0183 -0.242912
507 12.806 -15.187 -0.322251
508 13.38 -15.3904 -0.336274
509 14.0087 -15.6133 -0.392639
510 14.3654 -15.7679 -0.406978
511 14.3795 -15.7403 0.468644
512 14.3796 -15.7244 1.66883
513 14.4125 -15.7233 2.62482
514 14.3556 -15.6936 2.85057
515 13.7444 -15.5209 2.85126
516 13.1516 -15.3358 2.86672
517 12.5577 -15.1955 2.89448
518 11.9604 -15.0531 2.9184
519 11.4399 -14.9343 2.90229
520 11.251 -14.86 -2.98305
521 11.2427 -14.8469 -1.97922
522 11.1952 -15.2392 -1.71547
523 11.1108 -15.8539 -1.72306
524 11.0104 -16.4353 -1.76517
525 10.9221 -16.951 -1.74158
526 10.8075 -17.5373 -1.80046
527 10.6628 -18.1183 -1.83533
528 10.4768 -18.7011 -1.9114
529 10.2706 -19.3033 -1.94005
530 10.0283 -19.9035 -1.97035
531 9.76237 -20.4839 -2.05026
532 9.67378 -20.6669 -1.99971
533 9.67803 -20.6803 -1.00062
534 9.7019 -20.6702 -0.334143
535 9.70549 -20.6707 -0.334721
536 10.0553 -20.7495 -0.204264
537 10.6668 -20.8923 -0.262473
538 11.2288 -21.0571 -0.289778
539 11.8425 -21.2616 -0.354734
540 12.4378 -21.5111 -0.447808
541 13.0181 -21.7274 -0.285685
542 13.6493 -21.8647 -0.230121
543 13.7816 -21.8893 -0.259919
544 13.7927 -21.8633 0.376918
545 13.7934 -21.8332 1.44319
546 13.8301 -21.9001 2.27011
547 13.8408 -21.8838 -2.99147
548 13.8274 -21.8688 -2.06862
549 13.8246 -21.8884 -1.26208
550 13.8431 -21.8901 -1.74203
551 13.8449 -21.9036 -2.36852
552 13.8343 -21.8996 -3.00113
553 13.7065 -21.823 2.70457
554 13.1172 -21.5441 2.66896
555 12.5316 -21.2687 2.75765
556 11.9177 -21.0473 2.89254
557 11.3195 -20.8803 2.85171
558 10.7336 -20.7292 2.93297
559 10.7341 -20.7018 2.52643
560 10.7595 -20.6819 2.02596
561 10.78 -20.6606 2.53161
562 10.5618 -20.6622 -3.10772
563 9.98898 -20.5811 2.98365
564 9.37206 -20.4976 3.03228
565 8.76281 -20.4204 2.96866
566 8.75326 -20.444 -2.54462
567 8.7674 -20.4626 -1.7248
568 8.72501 -20.9579 -1.66565
569 8.66622 -21.5731 -1.70548
570 8.59747 -22.1481 -1.69971
571 8.55577 -22.5288 -1.75223
572 8.56093 -22.5661 -2.00242
573 8.57477 -22.658 -1.73359
574 8.62584 -22.6717 -0.80989
575 8.65202 -22.6706 0.165535
576 8.64878 -22.6554 1.1901
577 8.64597 -22.648 2.15926
578 8.6512 -22.6211 1.79368
579 8.51319 -21.9706 1.80792
580 8.34037 -21.3314 1.88216
581 8.13441 -20.7087 1.92368
582 7.90135 -20.0952 1.96593
583 7.77092 -19.782 2.04434
584 7.78087 -19.7729 2.88538
585 7.18272 -19.6369 3.00276
586 6.57509 -19.5687 3.09944
587 5.94912 -19.5655 3.12411
588 5.31074 -19.5471 3.12786
589 4.78633 -19.589 -3.08426
590 4.2518 -19.6594 -3.01964
591 3.72978 -19.7286 -3.02506
592 3.19896 -19.7945 -3.03115
593 2.95993 -19.8791 -2.83055
594 2.96253 -19.9327 -1.86974
595 2.92379 -20.4539 -1.64231
596 2.89254 -21.0439 -1.66918
597 2.82187 -21.6798 -1.71292
598 2.73058 -22.2845 -1.75562
599 2.65019 -22.6704 -1.82235
600 2.66761 -22.6838 -1.01712
601 2.69693 -22.691 -0.00040543
602 2.7151 -22.691 1.01215
603 2.6876 -22.4423 1.78347
604 2.63051 -21.8335 1.53862
605 2.6323 -21.1971 1.62049
606 2.58564 -20.5586 1.66185
607 2.59053 -19.9777 1.58
608 2.57478 -19.601 1.62369
609 2.56494 -19.5916 1.95873
610 2.54854 -19.5899 2.88872
611 1.93839 -19.4388 2.89098
612 1.45192 -19.3007 2.89306
613 1.48382 -19.3072 -2.9279
614 1.47701 -19.3045 -1.89293
615 1.4875 -19.798 -1.58956
616 1.48746 -20.4253 -1.64143
617 1.33251 -21.001 -1.86248
618 1.14715 -21.6254 -1.85481
619 0.969459 -22.2147 -1.8584
620 0.771335 -22.7767 -1.95692
621 0.903112 -22.433 -2.01074
622 1.02792 -22.1484 -2.08827
623 0.942262 -22.0951 -2.63053
624 0.913598 -22.037 3.00406
625 0.906724 -22.032 2.33939
626 0.854957 -22.0711 1.71558
627 0.925876 -21.6671 1.30007
628 1.13297 -21.0527 1.19591
629 1.3191 -20.4737 1.26356
630 1.45701 -19.9176 1.34484
631 1.55751 -19.4116 1.36143
632 1.45259 -19.3857 2.02783
633 1.33566 -19.3952 -3.13022
634 0.743915 -19.413 -3.0932
635 0.113497 -19.4029 3.06683
636 -0.476279 -19.3625 3.05881
637 -1.07175 -19.2792 2.97072
638 -1.45584 -19.2011 2.94049
639 -2.07345 -19.1045 3.01996
640 -2.67895 -18.9959 2.95109
641 -3.2715 -18.8865 2.94177
642 -3.83683 -18.7507 2.89527
643 -4.31278 -18.6131 2.81024
644 -4.30821 -18.5796 -2.76417
645 -4.39833 -18.7736 -1.87474
646 -4.49965 -19.3873 -1.5822
647 -4.4284 -20.0117 -1.29595
648 -4.19261 -20.6142 -1.13162
649 -3.98038 -21.1898 -1.47156
650 -4.05581 -21.841 -1.73083
651 -4.04304 -21.9884 -0.935209
652 -4.03133 -21.9831 0.0854544
653 -4.01577 -21.9863 1.1113
654 -4.03265 -21.6804 1.62162
655 -4.05495 -21.1319 1.61525
656 -4.06663 -20.5349 1.60112
657 -4.18933 -19.9087 1.8752
658 -4.38794 -19.2956 1.86741
659 -4.50856 -18.8082 1.79553
660 -4.47381 -18.7936 2.39404
661 -4.67853 -18.7796 3.04577
662 -5.28276 -18.7314 3.11467
663 -5.87689 -18.7577 -3.06824
664 -5.88164 -18.7912 -2.55039
665 -5.89222 -18.8268 -1.70204
666 -5.95232 -19.4319 -1.66402
667 -5.99938 -19.9956 -1.65859
668 -6.04944 -20.5856 -1.63198
669 -6.08724 -21.2099 -1.6563
670 -6.17486 -21.8261 -1.71493
671 -6.20748 -22.1154 -1.65913
672 -6.12052 -21.5308 -1.74735
673 -6.06532 -21.2711 -1.87693
674 -6.05366 -21.2688 -2.52316
675 -6.04087 -21.2613 -3.12994
676 -6.03405 -21.2506 2.53178
677 -6.01471 -21.2459 1.9178
678 -5.99769 -21.0288 1.4734
679 -5.94804 -20.443 1.53686
680 -5.97414 -19.9967 1.88313
681 -6.14977 -19.3997 1.85
682 -6.34083 -18.7939 1.89181
683 -6.45785 -18.5335 2.0438
684 -6.46304 -18.5271 3.12179
685 -6.83389 -18.7066 -2.71798
686 -7.30111 -18.8589 -2.86234
687 -7.90468 -19.0203 -2.89741
688 -8.50213 -19.1505 -2.90921
689 -9.06612 -19.2988 -2.88155
690 -9.59482 -19.4767 -2.80734
691 -10.0033 -19.6193 -2.83532
692 -9.97529 -19.6766 -2.30105
693 -9.93513 -19.7198 -1.26088
694 -9.92576 -19.7115 -0.425581
695 -9.94013 -19.7477 0.374451
696 -9.9049 -19.8003 1.39996
697 -9.85979 -19.7944 1.14697
698 -9.51672 -19.6379 0.492205
699 -8.93601 -19.3127 0.606216
700 -8.42082 -18.9378 0.659684
701 -7.98888 -18.5648 0.718754
702 -7.51934 -18.248 0.603444
703 -7.00326 -17.8988 0.637536
704 -6.51729 -17.5127 0.655513
705 -6.01035 -17.0878 0.726089
706 -5.59887 -16.7803 0.457294
707 -5.58858 -16.7928 -0.0635076
708 -5.59232 -16.7932 -0.703226
709 -5.629 -16.734 -1.0352
710 -5.61823 -16.7114 -1.597
711 -5.59349 -16.7127 -2.19465
712 -5.57185 -16.7224 -2.75585
713 -6.04813 -16.7706 -3.04108
714 -6.60264 -16.742 3.04478
715 -7.22437 -16.7145 -3.13494
716 -7.86609 -16.6986 3.0101
717 -8.48378 -16.6398 3.09479
718 -9.25332 -16.5255 2.91939
719 -9.86916 -16.4178 2.99389
720 -10.4859 -16.3087 2.93475
721 -11.1023 -16.2011 3.00307
722 -11.1275 -16.2162 3.06987
723 -11.1355 -16.2418 -2.12271
724 -11.1225 -16.2619 -1.05313
725 -11.116 -16.2706 -0.418446
726 -10.7818 -16.2714 0.0359311
727 -10.142 -16.226 0.0667159
728 -9.49846 -16.1952 0.0681089
729 -8.85612 -16.1282 0.125722
730 -8.22948 -16.0287 0.163164
731 -7.58008 -15.923 0.175412
732 -7.45926 -15.8961 0.622085
733 -7.45603 -15.9004 1.61882
734 -7.52012 -15.3428 1.69698
735 -7.58752 -14.7438 1.665
736 -7.5652 -14.7365 2.26466
737 -7.56238 -14.7202 3.0656
738 -8.13888 -14.6873 3.08472
739 -8.74058 -14.6009 3.02715
740 -9.24251 -14.5697 3.09047
741 -9.24108 -14.561 2.72172
742 -9.24389 -14.5401 2.06908
743 -9.22473 -14.5242 1.45241
744 -9.20004 -14.5179 0.913176
745 -9.18786 -14.5248 0.319827
746 -8.65233 -14.5207 -0.15492
747 -8.0004 -14.625 -0.190109
748 -7.41561 -14.7575 -0.258365
749 -7.34533 -14.7619 0.170988
750 -7.34268 -14.7566 1.09836
751 -7.36548 -14.4739 1.73884
752 -7.43171 -13.8546 1.6356
753 -7.47654 -13.2083 1.69889
754 -7.49284 -12.5731 1.53688
755 -7.48798 -11.9324 1.62419
756 -7.45632 -11.3191 1.44641
757 -7.3936 -10.6744 1.55708
758 -7.42769 -10.0734 1.69608
759 -7.42691 -9.5321 1.56982
760 -7.46073 -8.89531 1.66014
761 -7.48958 -8.87468 1.81678
762 -7.51099 -8.87937 2.74887
763 -8.09345 -8.81521 3.03966
764 -8.51463 -8.76449 3.01085
765 -8.52254 -8.76026 -2.63615
766 -8.52006 -8.77551 -1.64066
767 -8.49742 -8.7797 -0.714299
768 -8.48143 -8.76815 0.00448249
769 -7.84607 -8.65598 0.159745
770 -7.19442 -8.56852 0.0911989
771 -7.12479 -8.56089 0.648648
772 -7.11539 -8.56187 1.51185
773 -7.10534 -7.97294 1.5962
774 -7.13197 -7.42106 1.61703
775 -7.11126 -7.41604 2.45777
776 -7.3369 -7.39987 3.07199
777 -7.95064 -7.37201 3.12968
778 -8.56139 -7.36763 3.10751
779 -9.16177 -7.35549 3.12323
780 -9.35582 -7.30716 2.99009
781 -9.35987 -7.27134 2.41102
782 -9.46461 -7.01456 1.97683
783 -9.69843 -6.43398 1.97403
784 -9.79097 -6.21607 1.95042
785 -9.75005 -6.19183 1.39317
786 -9.71808 -6.19316 0.799281
787 -9.71446 -6.19949 0.303705
788 -9.71123 -6.18513 -0.33128
789 -9.69208 -6.15429 -0.888545
790 -9.39601 -6.56365 -0.958258
791 -9.01328 -7.04922 -0.862345
792 -8.75619 -7.23601 -0.164508
793 -8.17638 -7.31089 -0.113709
794 -7.57137 -7.35691 -0.0361464
795 -7.60389 -7.36573 0.404402
796 -7.62948 -7.34647 1.07865
797 -7.55635 -7.05237 1.34747
798 -7.42284 -6.43478 1.40357
799 -7.33962 -5.79515 1.47533
800 -7.29254 -5.1543 1.55425
801 -7.31516 -4.52305 1.64041
802 -7.38 -3.89847 1.69835
803 -7.37294 -3.26257 1.53396
804 -7.36449 -2.6347 1.59011
805 -7.40934 -2.00484 1.66666
806 -7.48013 -1.40691 1.70833
807 -7.50427 -1.21696 1.99364
808 -7.50503 -1.21373 2.93589
809 -8.09914 -1.18914 3.07841
810 -8.71845 -1.06842 2.9362
811 -9.31982 -0.958206 2.93136
812 -9.32279 -0.942984 -2.62451
813 -9.33753 -0.954133 -1.65486
814 -9.33255 -0.956445 -0.668381
815 -9.30437 -0.9535 0.245498
816 -9.29999 -0.936861 0.922411
817 -9.29474 -0.926464 0.249525
818 -9.06913 -0.955705 -0.242735
819 -8.48756 -1.09897 -0.230286
820 -7.90147 -1.24806 -0.273309
821 -7.36585 -1.39485 -0.259277
822 -7.35785 -1.37249 0.474862
823 -7.35061 -1.34716 1.36151
824 -7.23365 -0.715127 1.29356
825 -7.04644 -0.118905 1.27396
826 -6.95565 0.493785 1.44939
827 -6.85729 1.11545 1.41056
828 -6.77644 1.73976 1.45538
829 -6.69139 2.34403 1.41699
830 -6.59296 2.95029 1.40987
831 -6.47722 3.52513 1.36428
832 -6.36659 4.08565 1.36176
833 -6.33604 4.32912 1.50071
834 -6.36554 4.33592 2.55966
835 -6.38311 4.3304 -2.94267
836 -6.39952 4.33233 -1.99577
837 -6.42244 4.32289 -0.955192
838 -6.42483 4.30406 -0.089469
839 -6.42312 4.30841 -0.306247
840 -6.41195 4.29683 -0.86644
841 -6.4167 4.26888 -1.48089
842 -6.45173 4.03659 -1.71015
843 -6.53598 3.47388 -1.71157
844 -6.61745 2.85255 -1.7184
845 -6.71658 2.22972 -1.73183
846 -6.80708 1.60361 -1.72877
847 -6.9206 0.983803 -1.75404
848 -6.95952 0.828007 -1.27255
849 -6.98358 0.813812 -0.348657
850 -6.6101 0.809417 0.00555663
851 -5.99095 0.778355 -0.0864218
852 -5.3625 0.718779 -0.0715523
853 -4.77275 0.67512 -0.0990053
854 -4.18302 0.609251 -0.0965484
855 -3.59051 0.559341 -0.0978916
856 -2.93329 0.477286 -0.138895
857 -2.27735 0.390933 -0.148741
858 -1.62711 0.273057 -0.203569
859 -1.10518 0.171711 -0.210721
860 -1.10026 0.182952 0.64015
861 -1.07434 0.272245 1.55506
862 -1.03839 0.927969 1.49511
863 -0.983265 1.56888 1.46231
864 -0.895899 2.18076 1.45991
865 -0.854437 2.7937 1.51722
866 -0.809589 3.38062 1.51581
867 -0.777985 3.54288 1.69667
868 -0.765733 3.56278 2.72046
869 -0.773361 3.57595 -2.58437
870 -0.770734 3.56753 -1.58487
871 -0.744874 3.56427 -0.611216
872 -0.727769 3.57482 0.0737122
873 -0.719228 3.57581 -0.499217
874 -0.698801 3.57956 -1.0592
875 -0.672162 3.57876 -1.64609
876 -0.794794 3.01741 -1.80399
877 -0.95061 2.47014 -1.88895
878 -0.980562 2.25634 -1.50638
879 -0.880062 1.61434 -1.45567
880 -0.84097 1.15344 -1.5687
881 -0.836136 1.20983 -1.56366
882 -0.890323 0.554714 -1.81056
883 -1.11286 -0.0492839 -2.00165
884 -1.27855 -0.387015 -2.06895
885 -1.26025 -0.401553 -1.48774
886 -1.22751 -0.40631 -0.469316
887 -1.21098 -0.395739 0.542465
888 -1.20403 -0.397484 1.52691
889 -1.18129 -0.393106 2.42501
890 -1.50357 -0.241284 2.69854
891 -2.03282 0.0296791 2.62789
892 -2.56167 0.349849 2.592
893 -3.12658 0.65323 2.8279
894 -3.74808 0.761334 3.04856
895 -4.35768 0.704139 -2.93677
896 -4.38102 0.716229 -2.45956
897 -4.69602 0.257005 -2.18827
898 -5.05051 -0.248195 -2.17455
899 -5.34157 -0.657004 -2.24424
900 -5.7612 -1.19566 -2.24836
901 -6.13965 -1.63546 -2.31467
902 -6.56286 -2.11946 -2.29124
903 -6.88674 -2.49438 -2.33786
904 -6.84393 -2.54347 -1.64848
905 -6.84351 -3.02437 -1.58678
906 -6.80973 -3.56826 -1.51475
907 -6.76759 -4.14786 -1.51744
908 -6.72752 -4.75829 -1.491
909 -6.67497 -5.37267 -1.50739
910 -6.66848 -5.54462 -1.87457
911 -6.81486 -6.09159 -1.81216
912 -6.93978 -6.65005 -1.79913
913 -7.05546 -7.18673 -1.79074
914 -7.18982 -7.78111 -1.81388
915 -7.32383 -8.30597 -1.85004
916 -7.23428 -8.44406 -1.30113
917 -7.00929 -9.12209 -1.55461
918 -7.03131 -9.65069 -1.62941
919 -7.06619 -10.293 -1.67201
920 -7.13271 -10.9054 -1.68887
921 -7.20895 -11.5438 -1.74141
922 -7.31531 -12.1563 -1.76779
923 -7.44235 -12.7492 -1.83031
924 -7.5681 -13.2347 -1.81434
925 -7.55081 -13.248 -1.31096
926 -7.39159 -13.8058 -1.29546
927 -7.22692 -14.3958 -1.31951
928 -7.07141 -14.9993 -1.32918
929 -6.92247 -15.5989 -1.33084
930 -6.76624 -16.2486 -1.41944
931 -6.68108 -16.8939 -1.50556
932 -6.64367 -17.5381 -1.57057
933 -6.65487 -18.1679 -1.64065
934 -6.68435 -18.6538 -1.65536
935 -6.59189 -18.6669 -0.985546
936 -6.54452 -18.6376 -0.0145403
937 -6.05042 -18.6092 0.0555892
938 -5.42109 -18.6117 -0.109675
939 -4.85716 -18.654 -0.0762
940 -4.23475 -18.7285 -0.161374
941 -3.62647 -18.8428 -0.214524
942 -3.11392 -18.9521 -0.20968
943 -2.51755 -19.0618 -0.121084
944 -1.89495 -19.1433 -0.17764
945 -1.28051 -19.2681 -0.232994
946 -1.10205 -19.3208 -0.16893
947 -0.68398 -19.252 0.158833
948 -0.115358 -19.1618 0.140568
949 0.492117 -19.1234 -0.013985
950 1.13401 -19.1506 -0.252241
951 1.73677 -19.3223 -0.32342
952 2.33817 -19.474 -0.0713467
953 2.95711 -19.4954 0.00991975
954 3.50665 -19.4789 0.00366404
955 4.19951 -19.5036 -0.156614
956 4.67859 -19.5625 -0.158344
957 5.25191 -19.6726 -0.245573
958 5.68535 -19.7822 -0.271894
959 6.1574 -19.9339 -0.338604
960 6.75296 -20.0907 -0.258832
961 7.32854 -20.2553 -0.286193
962 7.94074 -20.3751 -0.22091
963 8.59648 -20.4681 -0.0344186
964 9.19469 -20.5098 -0.0987359
965 9.81168 -20.5812 -0.106098
966 10.2475 -20.6251 -0.165033
967 10.2523 -20.643 0.688524
968 10.2823 -20.6693 1.58537
969 10.3141 -20.6683 1.64486
970 10.317 -20.6958 1.64315
971 10.2924 -20.3628 1.6433
972 10.2459 -19.7764 1.64893
973 10.3363 -19.2042 1.36393
974 10.467 -18.5937 1.39572
975 10.5703 -17.9863 1.40029
976 10.6667 -17.376 1.41315
977 10.7888 -16.7814 1.38727
978 10.9033 -16.1448 1.43353
979 11.0054 -15.5539 1.42134
980 11.0932 -14.9266 1.46813
981 11.1696 -14.3282 1.47466
982 11.2143 -13.7779 1.51886
983 11.2551 -13.1834 1.51563
984 11.2743 -12.576 1.57316
985 11.2758 -11.9756 1.5936
986 11.2506 -11.3536 1.63007
987 11.2345 -10.7545 1.59349
988 11.2272 -10.1342 1.6073
989 11.2039 -9.52178 1.61513
990 11.1888 -8.91378 1.60454
991 11.1631 -8.29423 1.62955
992 11.1514 -7.71518 1.59713
993 11.1268 -7.09217 1.63003
994 11.1026 -6.51071 1.6202
995 11.0606 -5.93783 1.66649
996 10.9927 -5.35286 1.69258
997 10.9443 -4.73834 1.62694
998 10.9194 -4.355 1.64761
999 10.9528 -4.34482 2.36209
1000 10.4706 -3.98744 2.50908
1001 10.0339 -3.5542 2.18577
1002 9.65583 -3.08497 2.2767
1003 9.32588 -2.58307 2.09491
1004 8.97981 -2.02782 2.15105
1005 8.62132 -1.51617 2.2114
1006 8.22385 -1.02211 2.28669
1007 7.8151 -0.583329 2.37629
1008 7.59193 -0.408535 2.53363
1009 7.45784 -0.439156 3.0071
1010 6.93413 -0.391196 3.06202
1011 6.30143 -0.344913 3.01971
1012 5.70443 -0.282014 3.06255
1013 5.09237 -0.286612 -3.10443
1014 4.45026 -0.236734 3.005
1015 3.83835 -0.198198 3.09093
1016 3.0739 -0.157249 3.09905
1017 2.49326 -0.135478 3.04329
1018 1.93755 -0.0755203 3.05184
1019 1.34464 -0.0537484 3.11276
1020 0.732386 -0.020271 3.10007
1021 0.11622 0.0101981 3.06078
1022 0.0682139 0.0244579 3.05479
1023 0.0556667 0.0313648 -3.14037
1024 -0.569821 0.031442 -3.11277
1025 -1.19521 -0.00418717 -3.09397
1026 -1.35525 -0.0144118 -3.08558
1027 -1.36028 -0.00656168 -2.16469
1028 -1.35032 -0.176705 -1.59832
1029 -1.36923 -0.74794 -1.61864
1030 -1.4134 -1.37675 -1.70257
1031 -1.5118 -2.02537 -1.76013
1032 -1.63199 -2.6654 -1.75927
1033 -1.76616 -3.31006 -1.80788
1034 -1.76154 -3.48768 -2.02632
1035 -1.72394 -3.51611 -2.65377
1036 -1.70287 -3.55275 3.051
1037 -2.02478 -3.43009 2.80781
1038 -2.61304 -3.30149 2.89526
1039 -3.22743 -3.12303 2.86043
1040 -3.22841 -3.13144 -2.80083
1041 -3.215 -3.16529 -1.79601
1042 -3.16845 -3.18447 -0.819911
1043 -3.14853 -3.17953 0.138146
1044 -3.15616 -3.22013 1.11997
1045 -3.18573 -3.20781 1.01516
1046 -3.22781 -3.19666 0.643894
1047 -3.28269 -3.15384 0.106167
1048 -2.92924 -3.23485 -0.194203
1049 -2.30172 -3.34344 -0.169708
1050 -1.67921 -3.41548 -0.0860943
1051 -0.993627 -3.48478 -0.174114
1052 -0.397744 -3.5671 -0.130166
1053 0.0391452 -3.62857 -0.19188
1054 0.070463 -3.48525 0.547464
1055 0.0163905 -3.40703 1.58152
1056 0.0692197 -3.42432 2.56026
1057 0.0817606 -3.43849 -2.7084
1058 0.114648 -3.51174 -1.7643
1059 -0.0151221 -4.13968 -1.83869
1060 -0.192864 -4.78868 -1.82835
1061 -0.300469 -5.2938 -1.94449
1062 -0.285822 -5.31991 -2.50581
1063 -0.278064 -5.32672 -3.10051
1064 -0.546078 -5.25655 2.91937
1065 -1.13407 -5.17404 3.04293
1066 -1.68511 -5.0966 2.98828
1067 -1.6947 -5.07762 -2.8595
1068 -1.70025 -5.07702 -2.18297
1069 -1.6858 -5.09389 -2.0108
1070 -1.66605 -5.11215 -2.54667
1071 -2.13262 -5.34542 -2.6722
1072 -2.58143 -5.55332 -2.73931
1073 -2.57902 -5.55379 3.03586
1074 -3.10147 -5.47422 3.003
1075 -3.67409 -5.39267 3.02107
1076 -3.74144 -5.41835 -2.86048
1077 -3.72549 -5.48456 -2.05821
1078 -3.97593 -6.09673 -2.01483
1079 -4.21525 -6.64783 -1.95454
1080 -4.15937 -6.66935 -2.44502
1081 -4.59426 -6.9491 -2.57022
1082 -4.73751 -7.11375 -2.29203
1083 -4.69236 -7.13758 -1.26102
1084 -4.64999 -7.13033 -0.294842
1085 -4.61347 -7.07642 0.703168
1086 -4.28366 -6.6253 0.939288
1087 -3.9134 -6.13579 0.93091
1088 -3.55339 -5.62031 0.917734
1089 -3.52872 -5.53883 0.822922
1090 -3.55033 -5.51682 0.209137
1091 -3.0035 -5.48727 0.0330704
1092 -2.38271 -5.47304 0.018586
1093 -1.80602 -5.47881 -0.0457271
1094 -1.8012 -5.46155 -0.449524
1095 -1.76918 -5.45645 -1.03889
1096 -1.74463 -5.45832 -1.60976
1097 -1.83555 -5.79446 -1.82495
1098 -2.01809 -6.40078 -1.88155
1099 -2.22545 -6.96653 -1.97759
1100 -2.2252 -6.98799 -1.61446
1101 -2.16636 -7.25067 -1.34852
1102 -2.15929 -7.25938 -1.74216
1103 -2.28612 -7.87106 -1.7759
1104 -2.42382 -8.50957 -1.80354
1105 -2.57878 -9.13368 -1.82138
1106 -2.70483 -9.61326 -1.84655
1107 -2.69625 -9.62371 -1.59035
1108 -2.66413 -10.2532 -1.58245
1109 -2.71726 -10.9007 -1.68629
1110 -2.79277 -11.5118 -1.73573
1111 -2.96351 -12.0419 -1.8369
1112 -2.99406 -12.6188 -1.49034
1113 -2.95754 -13.262 -1.5856
1114 -2.96597 -13.8798 -1.56846
1115 -2.96143 -14.4657 -1.58454
1116 -2.94779 -15.1156 -1.54817
1117 -2.93651 -15.2156 -1.6758
1118 -2.92923 -15.2184 -2.28277
1119 -2.92158 -15.2212 -2.71422
1120 -3.48505 -15.4289 -2.77772
1121 -3.68218 -15.4981 -2.89617
1122 -3.68461 -15.5001 2.83691
1123 -4.23543 -15.3188 2.85394
1124 -4.79442 -15.1944 2.95281
1125 -5.42053 -15.0727 2.96641
1126 -5.50915 -15.0591 -2.9769
1127 -5.50811 -15.062 -1.9195
1128 -5.50002 -15.0627 -0.932006
1129 -5.48432 -15.065 0.0837327
1130 -4.89648 -14.9971 0.0975621
1131 -4.12606 -15.114 -0.333975
1132 -3.51394 -15.3282 -0.353471
1133 -2.96563 -15.5536 -0.391962
1134 -2.7129 -15.6527 -0.488737
1135 -2.70456 -15.6565 -1.04435
1136 -2.70046 -15.6567 -1.60589
1137 -2.75191 -15.9657 -1.78963
1138 -2.90424 -16.6017 -1.80568
1139 -3.02918 -17.0936 -1.87971
1140 -3.00776 -17.0983 -2.36053
1141 -3.00781 -17.1015 -2.91005
1142 -3.36441 -17.039 3.00731
1143 -3.97096 -16.993 3.09592
1144 -4.54993 -16.9521 3.06463
1145 -5.12614 -16.8991 3.03855
1146 -5.70653 -16.8391 3.05775
1147 -6.2897 -16.8269 3.12988
1148 -6.91933 -16.819 3.12294
1149 -6.99216 -16.8847 -2.69935
1150 -6.96653 -16.9242 -1.78495
1151 -6.95659 -16.9413 -0.788598
1152 -6.93577 -16.9336 0.256527
1153 -6.92728 -16.9248 1.26175
1154 -6.98658 -16.605 1.80395
1155 -7.1288 -15.9844 1.75299
1156 -7.23365 -15.3786 1.76157
1157 -7.36531 -14.8056 1.87093
1158 -7.49725 -14.2076 1.74054
1159 -7.56156 -13.608 1.6464
1160 -7.58802 -12.9709 1.5096
1161 -7.49181 -12.3351 1.41999
1162 -7.40305 -11.6987 1.47827
1163 -7.34443 -11.0531 1.47307
1164 -7.29943 -10.4093 1.55886
1165 -7.2946 -9.87037 1.53551
1166 -7.24933 -9.86681 2.02337
1167 -7.20666 -9.84588 2.95855
1168 -7.20737 -9.82542 -2.4226
1169 -7.1799 -9.90553 -1.60214
1170 -7.18822 -10.4865 -1.59593
1171 -7.18505 -11.1127 -1.56468
1172 -7.18882 -11.7168 -1.62764
1173 -7.21679 -12.3338 -1.61897
1174 -7.26174 -12.967 -1.68817
1175 -7.34791 -13.5778 -1.72203
1176 -7.44679 -14.2005 -1.76536
1177 -7.56577 -14.8105 -1.763
1178 -7.69775 -15.4247 -1.80988
1179 -7.83363 -16.0306 -1.78022
1180 -7.8882 -16.2855 -1.78691
1181 -7.88588 -16.2926 -0.957873
1182 -7.83194 -16.2984 -0.244893
1183 -7.21584 -16.4449 -0.219286
1184 -6.5815 -16.5569 -0.14943
1185 -5.94956 -16.6642 -0.18141
1186 -5.31672 -16.7559 -0.114924
1187 -4.65848 -16.8374 -0.15175
1188 -4.02836 -16.9237 -0.133389
1189 -3.37308 -17.0298 -0.111598
1190 -3.04932 -17.0694 -0.103477
1191 -3.05147 -17.0767 0.817151
1192 -3.0206 -16.9944 1.6151
1193 -3.01123 -16.3994 1.48318
1194 -2.97599 -15.8195 1.5253
1195 -2.95434 -15.1876 1.57768
1196 -2.94026 -14.5691 1.40507
1197 -2.84305 -13.9513 1.41633
1198 -2.76701 -13.306 1.67515
1199 -2.77513 -12.6976 1.46041
1200 -2.72455 -12.0593 1.52935
1201 -2.70668 -11.431 1.58507
1202 -2.7241 -10.8041 1.60789
1203 -2.74997 -10.2183 1.51779
1204 -2.63978 -9.62997 1.37078
1205 -2.53645 -9.06312 1.40014
1206 -2.4561 -8.46667 1.46111
1207 -2.32401 -7.85418 1.37471
1208 -2.21593 -7.22176 1.43906
1209 -2.13377 -6.59827 1.4368
1210 -2.07326 -5.97957 1.45701
1211 -1.95316 -5.39004 1.38814
1212 -1.8443 -4.77262 1.44208
1213 -1.78787 -4.1548 1.51953
1214 -1.66096 -3.49429 1.30231
1215 -1.50822 -2.90113 1.36554
1216 -1.46347 -2.31299 1.58852
1217 -1.45102 -1.75144 1.57321
1218 -1.46069 -1.16121 1.52254
1219 -1.43584 -0.510664 1.55313
1220 -1.45215 0.076212 1.64387
1221 -1.45154 0.0744061 1.19112
1222 -1.44195 0.0845105 0.593813
1223 -1.43024 0.0877789 0.0341859
1224 -0.853062 0.0184019 -0.148722
1225 -0.233691 -0.0704509 -0.134958
1226 -0.12817 -0.0848889 -0.151689
1227 -0.12817 -0.0848889 -0.152351
